4.1464
2.1071
10.1112
21.672
2.9043
5.1602
17.6063
0.2062
1300.6202
0.9862
0.7732
50.3435
18.0479
0.3706
7.9681
57.6535
17.5529
1.1337
57.6535
0.2152
21.672
11.3428
1.4387
9.5858
19.1259
5.0544
15.4035
5.2497
15.0424
25.2469
0.9166
1.707
0.0511
2.9043
2.5489
6.5182
0.2062
18.0479
0.3216
0.4277
18.581
9.2353
5.5627
5.5627
0.1783
5.0667
0.5784
0.7187
1.6602
88.1685
2.6343
3.6681
4.348
5.0544
0.2302
2.6832
0.2508
0.1204
1.4831
3.0649
0.4267
1.684
5.0667
0.2508
5.0544
0.0578
3.6681
5.0667
9.677
1.684
1.5043
0.1492
5.0544
2.0984
3.6681
4.7972
0.5045
0.8065
19.8937
3.3814
5.0667
3.6681
9.2353
0.2508
2.6832
9.445
2.6832
0.4773
5.0667
2.6832
1.2459
8.6642
3.6681
4.348
5.0667
0.5553
0.0511
29.0479
0.2227
1.4831
5.0667
9.9256
1.6357
5.5627
2.2981
0.2508
2.6832
17.5755
1.7608
3.6431
9.445
0.5045
5.0667
14.6585
0.2508
0.2206
5.0667
0.015
3.2853
3.6681
5.0667
4.348
1.2358
0.3145
0.4152
12.0756
5.0667
9.2353
1.6383
0.0489
3.3506
2.3111
0.1783
3.6681
14.6585
0.2508
0.4277
1.2358
0.2508
0.5712
1.4882
0.6029
2.6832
0.1783
5.0667
6.2002
1.6534
5.5627
3.8236
5.0667
0.7991
9.2353
2.066
5.0667
5.5627
5.5627
5.0667
0.0578
24.5359
2.7652
0.2508
4.5668
0.2925
0.0814
0.4448
0.1341
9.2353
2.1305
9.445
9.2353
9.2824
18.581
1.4882
2.6832
4.1732
4.9219
0.1783
0.0814
25.4099
0.1825
8.6985
0.1116
0.8794
9.2824
1.8846
81.1255
0.4601
0.1783
0.1921
3.743
4.348
9.2353
8.6642
2.0984
5.0544
1.2358
0.2508
3.6681
4.5011
0.1341
0.2508
5.5627
3.1081
8.6642
1.4882
6.2002
18.4353
9.2353
5.0667
1.2358
2.2981
5.0667
0.1783
9.2353
3.6681
0.1783
9.2353
0.2508
2.6832
0.5951
2.2981
2.9731
2.6832
6.0328
1.7608
3.0052
1.7608
2.6832
13.9311
3.6681
0.1783
4.0277
14.4011
0.5784
4.949
0.1492
9.445
5.0093
5.5627
0.0578
9.2824
1.684
0.1783
0.3681
41.9003
11.9523
5.5627
4.5011
0.4355
9.0359
0.1783
0.0578
4.5705
2.2776
0.2508
2.6832
0.3164
2.6832
0.3225
2.5956
5.0667
9.2353
2.2981
1.6602
2.6832
4.4272
5.5627
9.2353
0.2503
2.2981
5.5627
8.6642
1.6249
23.2386
1.6973
9.0359
2.004
2.0249
8.0465
39.4406
1.683
219.8197
1.4882
51.9577
2.1828
9.434
1.1337
72.8554
1.4882
7.3852
5.7959
6.7846
2.5868
2.7486
1.683
4.0528
9.4535
19.6519
6.7467
1.0358
10.4863
9.4535
9.9256
1.6548
0.5634
10.4863
10.4863
0.9269
1.4882
1.6548
1.6548
2.1271
10.4863
1.6548
10.4863
0.4373
0.5634
62.279
2.2206
6.7467
1.6548
10.7916
10.4863
62.279
0.2819
0.2889
10.4863
0.2819
0.4426
1.6548
0.4426
2.8987
10.4863
14.657
6.7467
21.2804
10.4863
6.7467
6.7467
18.904
0.2925
0.024
19.6519
1.6548
2.8987
21.7243
9.6534
1.6802
70.9375
0.2819
83.7062
6.7467
39.4406
25.4099
62.279
10.4863
0.4925
1.4882
1.6548
1.6548
38.5403
17.15
10.7916
1.6548
62.279
0.4426
56.12
0.5367
0.366
6.7467
1.0358
42.2783
11.9523
6.7467
1.0622
3.8998
2.4275
1.6548
1.6548
83.7062
10.4863
1.6548
7.5279
6.7467
0.2819
6.7467
1.6259
1.6249
4.8381
5.1602
72.9536
59.9381